67677502201 
1444532049 
1444532049 
64583581689 
53079091321 
23740030084 
60739081209 
1459163601 
1425138001 
1488647889 
1459163601 
20873892484 
1363012561 
1459163601 
60739081209 
60739081209 
20873892484 
58210730361 
1459163601 
20873892484 
48634804089 
1444532049 
49884775801 
20873892484 
33663809529 
1508467921 
33663809529 
20873892484 
58798975225 
1444532049 
1363012561 
20873892484 
32131638009 
67677502201 
49884775801 
1363012561 
1459163601 
34467036409 
1444532049 
67677502201 
35303779449 
1459163601 
20873892484 
1434818641 
1729811281 
1729811281 
31697173369 
1729811281 
1488647889 
1729811281 
34467036409 
1713877201 
51034876281
